optimal_lambdas: [0.001, 0.01, 0.001, 0.01, 0.001, 0.001, 0.001, 0.01, 0.001, 0.001]
optimal_hidden_layers: [(9,), (8,), (10,), (6,), (9,), (6,), (10,), (9,), (7,), (4,)]
E_test_Ridge: [2785.933 2807.47  2199.431 2240.106 2602.882 2605.618 2799.069 2324.466
 2369.661 2983.095]
E_test_MLPRegressor: [3284.225 2813.824 2199.123 2174.392 2537.654 2372.383 2590.341 2391.268
 2276.669 2931.903]
E_test_DummyRegressor: [3000292.601 3052628.998 3080768.533 2945099.029 3301623.408 2883311.448
 2952411.404 3125648.874 3202784.111 2613659.3  ]
E_gen_Ridge: 2571.773
E_gen_MLPRegressor: 2557.178
E_gen_DummyRegressor: 3015822.771


